[gd_scene load_steps=2 format=3 uid="uid://c3kbkfungjih0"]

[ext_resource type="PackedScene" uid="uid://b1pnvtq5j2mfk" path="res://assets/base_game/areas/1 - Coconut Springs/map_model.glb" id="1_ajdme"]

[node name="AreaMap" type="Node3D"]

[node name="map_model" parent="." instance=ExtResource("1_ajdme")]

[node name="Markers" type="Node3D" parent="."]

[node name="0" type="Node3D" parent="Markers"]
transform = Transform3D(1, 0, 0, 0, 0.258819, 0.965925, 0, -0.965925, 0.258819, 0, 0, -45)

[node name="0" type="Marker3D" parent="Markers/0"]
transform = Transform3D(1, 0, 0, 0, 1, 0, 0, 0, 1, -4, 0, 0)

[node name="1" type="Marker3D" parent="Markers/0"]

[node name="2" type="Marker3D" parent="Markers/0"]
transform = Transform3D(1, 0, 0, 0, 1, 0, 0, 0, 1, 4, 0, 0)

[node name="1" type="Node3D" parent="Markers"]
transform = Transform3D(1, 0, 0, 0, 0.258819, 0.965925, 0, -0.965925, 0.258819, 0, 0, -40.5)

[node name="0" type="Marker3D" parent="Markers/1"]
transform = Transform3D(1, 0, 0, 0, 1, 0, 0, 0, 1, -4, 0, 0)

[node name="1" type="Marker3D" parent="Markers/1"]

[node name="2" type="Marker3D" parent="Markers/1"]
transform = Transform3D(1, 0, 0, 0, 1, 0, 0, 0, 1, 4, 0, 0)

[node name="2" type="Node3D" parent="Markers"]
transform = Transform3D(1, 0, 0, 0, 0.258819, 0.965925, 0, -0.965925, 0.258819, 0, 0, -36)

[node name="0" type="Marker3D" parent="Markers/2"]
transform = Transform3D(1, 0, 0, 0, 1, 0, 0, 0, 1, -4, 0, 0)

[node name="1" type="Marker3D" parent="Markers/2"]

[node name="2" type="Marker3D" parent="Markers/2"]
transform = Transform3D(1, 0, 0, 0, 1, 0, 0, 0, 1, 4, 0, 0)

[node name="3" type="Node3D" parent="Markers"]
transform = Transform3D(1, 0, 0, 0, 0.258819, 0.965925, 0, -0.965925, 0.258819, 0, 0, -31.5)

[node name="0" type="Marker3D" parent="Markers/3"]
transform = Transform3D(1, 0, 0, 0, 1, 0, 0, 0, 1, -4, 0, 0)

[node name="1" type="Marker3D" parent="Markers/3"]

[node name="2" type="Marker3D" parent="Markers/3"]
transform = Transform3D(1, 0, 0, 0, 1, 0, 0, 0, 1, 4, 0, 0)

[node name="4" type="Node3D" parent="Markers"]
transform = Transform3D(1, 0, 0, 0, 0.258819, 0.965925, 0, -0.965925, 0.258819, 0, 0, -27)

[node name="0" type="Marker3D" parent="Markers/4"]
transform = Transform3D(1, 0, 0, 0, 1, 0, 0, 0, 1, -4, 0, 0)

[node name="1" type="Marker3D" parent="Markers/4"]

[node name="2" type="Marker3D" parent="Markers/4"]
transform = Transform3D(1, 0, 0, 0, 1, 0, 0, 0, 1, 4, 0, 0)

[node name="5" type="Node3D" parent="Markers"]
transform = Transform3D(1, 0, 0, 0, 0.258819, 0.965925, 0, -0.965925, 0.258819, 0, 0, -22.5)

[node name="0" type="Marker3D" parent="Markers/5"]
transform = Transform3D(1, 0, 0, 0, 1, 0, 0, 0, 1, -4, 0, 0)

[node name="1" type="Marker3D" parent="Markers/5"]

[node name="2" type="Marker3D" parent="Markers/5"]
transform = Transform3D(1, 0, 0, 0, 1, 0, 0, 0, 1, 4, 0, 0)

[node name="6" type="Node3D" parent="Markers"]
transform = Transform3D(1, 0, 0, 0, 0.258819, 0.965925, 0, -0.965925, 0.258819, 0, 0, -18)

[node name="0" type="Marker3D" parent="Markers/6"]
transform = Transform3D(1, 0, 0, 0, 1, 0, 0, 0, 1, -4, 0, 0)

[node name="1" type="Marker3D" parent="Markers/6"]

[node name="2" type="Marker3D" parent="Markers/6"]
transform = Transform3D(1, 0, 0, 0, 1, 0, 0, 0, 1, 4, 0, 0)

[node name="7" type="Node3D" parent="Markers"]
transform = Transform3D(1, 0, 0, 0, 0.258819, 0.965925, 0, -0.965925, 0.258819, 0, 0, -13.5)

[node name="0" type="Marker3D" parent="Markers/7"]
transform = Transform3D(1, 0, 0, 0, 1, 0, 0, 0, 1, -4, 0, 0)

[node name="1" type="Marker3D" parent="Markers/7"]

[node name="2" type="Marker3D" parent="Markers/7"]
transform = Transform3D(1, 0, 0, 0, 1, 0, 0, 0, 1, 4, 0, 0)

[node name="8" type="Node3D" parent="Markers"]
transform = Transform3D(1, 0, 0, 0, 0.258819, 0.965925, 0, -0.965925, 0.258819, 0, 0, -9)

[node name="0" type="Marker3D" parent="Markers/8"]
transform = Transform3D(1, 0, 0, 0, 1, 0, 0, 0, 1, -4, 0, 0)

[node name="1" type="Marker3D" parent="Markers/8"]

[node name="2" type="Marker3D" parent="Markers/8"]
transform = Transform3D(1, 0, 0, 0, 1, 0, 0, 0, 1, 4, 0, 0)

[node name="9" type="Node3D" parent="Markers"]
transform = Transform3D(1, 0, 0, 0, 0.258819, 0.965925, 0, -0.965925, 0.258819, 0, 0, -4.5)

[node name="0" type="Marker3D" parent="Markers/9"]
transform = Transform3D(1, 0, 0, 0, 1, 0, 0, 0, 1, -4, 0, 0)

[node name="1" type="Marker3D" parent="Markers/9"]

[node name="2" type="Marker3D" parent="Markers/9"]
transform = Transform3D(1, 0, 0, 0, 1, 0, 0, 0, 1, 4, 0, 0)

[node name="Nodes" type="Node3D" parent="."]

[node name="DirectionalLight3D" type="DirectionalLight3D" parent="."]
transform = Transform3D(0.962379, -0.271549, 0.00933084, -0.176648, -0.599217, 0.780855, -0.206449, -0.753127, -0.624643, 0, 53.5256, 0)
