[gd_scene load_steps=19 format=3 uid="uid://c3hbi52fqq4jm"]

[ext_resource type="PackedScene" uid="uid://cpqt2p58s44w4" path="res://assets/env/maps/lobby/base_map.blend" id="1_kdtvd"]
[ext_resource type="Script" path="res://screens/lobby_map/lobby_map.gd" id="1_yrpq0"]
[ext_resource type="PackedScene" uid="uid://0y3uhmve48hr" path="res://assets/env/maps/lobby/lobby_items/exit_door.blend" id="2_8x2e0"]
[ext_resource type="PackedScene" uid="uid://be2xiafdkw400" path="res://assets/env/maps/lobby/lobby_items/play_table.blend" id="3_5mqm6"]
[ext_resource type="PackedScene" uid="uid://b63tf5thj3ybm" path="res://assets/env/maps/lobby/lobby_items/quests.blend" id="4_aubc0"]
[ext_resource type="PackedScene" uid="uid://bri6xomlwer4o" path="res://assets/env/maps/lobby/lobby_items/settings_door.blend" id="5_3x0pe"]
[ext_resource type="PackedScene" uid="uid://bf0jrev3rg6gn" path="res://assets/env/maps/lobby/lobby_items/shop.blend" id="6_f4ob5"]
[ext_resource type="PackedScene" uid="uid://3womxfl7227l" path="res://assets/env/maps/lobby/lobby_items/news.blend" id="7_ptlcr"]
[ext_resource type="PackedScene" uid="uid://c2n8y6ykv5un5" path="res://assets/env/maps/lobby/lobby_items/items_table.blend" id="8_0e1is"]
[ext_resource type="PackedScene" uid="uid://ceel7506o1evy" path="res://assets/env/maps/lobby/lobby_items/fuyanopedia.blend" id="9_07vke"]
[ext_resource type="PackedScene" uid="uid://bgyr6u0rhpehs" path="res://assets/env/maps/lobby/lobby_items/deck_holder.blend" id="10_n8y08"]
[ext_resource type="PackedScene" uid="uid://c58nuqiq5cia8" path="res://assets/env/maps/lobby/lobby_items/customization_hanger.blend" id="11_u5urx"]
[ext_resource type="PackedScene" uid="uid://bq8e416cc6yvd" path="res://assets/packs/standard/card_pack.blend" id="12_2g26v"]
[ext_resource type="Texture2D" uid="uid://dmmxh3hqa7imq" path="res://screens/lobby_map/game_background.png" id="13_ivopf"]
[ext_resource type="Curve3D" uid="uid://c13a6lgqfhddf" path="res://screens/lobby_map/paths/3lobby-item-path.tres" id="14_veu5s"]

[sub_resource type="CylinderShape3D" id="CylinderShape3D_0q6rs"]
height = 1.1
radius = 0.6

[sub_resource type="BoxShape3D" id="BoxShape3D_ueifh"]
size = Vector3(1.2, 2.1, 0.1)

[sub_resource type="BoxShape3D" id="BoxShape3D_s4lq0"]
size = Vector3(0.7, 0.9, 0.5)

[node name="LobbyMap" type="Node3D"]
script = ExtResource("1_yrpq0")
metadata/_edit_lock_ = true

[node name="LobbyItems" type="Node3D" parent="."]
metadata/_edit_lock_ = true

[node name="1" parent="LobbyItems" instance=ExtResource("2_8x2e0")]
transform = Transform3D(9.42946e-06, 0, -1, 0, 1, 0, 1, 0, 9.42946e-06, -7.60075, 0.665567, 5.61119)

[node name="2" parent="LobbyItems" instance=ExtResource("11_u5urx")]
transform = Transform3D(-4.37114e-08, 0, 1, 0, 1, 0, -1, 0, -4.37114e-08, -7.28167, 2.52479, 3.33677)

[node name="3" parent="LobbyItems" instance=ExtResource("3_5mqm6")]
transform = Transform3D(0.390731, 0, 0.920505, 0, 1, 0, -0.920505, 0, 0.390731, -4.48176, 0.152511, 5.65998)

[node name="4" parent="LobbyItems" instance=ExtResource("4_aubc0")]
transform = Transform3D(-4.37114e-08, 0, 1, 0, 1, 0, -1, 0, -4.37114e-08, -7.18228, 1.62219, 1.38531)

[node name="5" parent="LobbyItems" instance=ExtResource("5_3x0pe")]
transform = Transform3D(1, 0, 0, 0, 1, 0, 0, 0, 1, 3.225, 0.153, -2.87)

[node name="6" parent="LobbyItems" instance=ExtResource("6_f4ob5")]
transform = Transform3D(1, 0, 0, 0, 1, 0, 0, 0, 1, -2.511, 0.153, 1.314)

[node name="7" parent="LobbyItems" instance=ExtResource("7_ptlcr")]
transform = Transform3D(0.799653, 0, -0.600462, 0, 1, 0, 0.600462, 0, 0.799653, 1.14555, 0.153, 2.66864)

[node name="8" parent="LobbyItems" instance=ExtResource("8_0e1is")]
transform = Transform3D(0.965332, 0, -0.261027, 0, 1, 0, 0.261027, 0, 0.965332, -1.782, 0.153, 5.37)

[node name="9" parent="LobbyItems" instance=ExtResource("9_07vke")]
transform = Transform3D(0.683146, 0, -0.730281, 0, 1, 0, 0.730281, 0, 0.683146, -2.07, 0.951146, 5.108)

[node name="10" parent="LobbyItems" instance=ExtResource("10_n8y08")]
transform = Transform3D(-0.677198, 0, -0.735802, 0, 1, 0, 0.735802, 0, -0.677198, -2.076, 0.957, 5.691)

[node name="11" type="Node3D" parent="LobbyItems"]
transform = Transform3D(0.891663, 0, -0.452699, 0, 1, 0, 0.452699, 0, 0.891663, -1.707, 0.957, 5.563)

[node name="CardPack" parent="LobbyItems/11" instance=ExtResource("12_2g26v")]
transform = Transform3D(-0.952475, 0.304615, 9.57449e-07, -1.54691e-13, -3.14315e-06, 1, 0.304615, 0.952475, 2.99377e-06, -0.217048, 0.053636, -0.14089)

[node name="CardPack2" parent="LobbyItems/11" instance=ExtResource("12_2g26v")]
transform = Transform3D(0.732899, 0.680337, 2.1384e-06, 0, -3.14315e-06, 1, 0.680337, -0.732899, -2.30361e-06, -0.273843, 0.00872034, -0.0658317)

[node name="CardPack3" parent="LobbyItems/11" instance=ExtResource("12_2g26v")]
transform = Transform3D(0.940205, -0.340609, -1.07059e-06, -1.54691e-13, -3.14315e-06, 1, -0.340609, -0.940205, -2.9552e-06, -0.156576, 0.0236714, -0.0160942)

[node name="CardPack4" parent="LobbyItems/11" instance=ExtResource("12_2g26v")]
transform = Transform3D(0.764325, -0.644831, -2.0268e-06, -1.54691e-13, -3.14315e-06, 1, -0.644831, -0.764325, -2.40239e-06, -0.155629, 0.0386672, 0)

[node name="CardPack5" parent="LobbyItems/11" instance=ExtResource("12_2g26v")]
transform = Transform3D(0.960938, 0.276761, 8.69901e-07, -1.54691e-13, -3.14315e-06, 1, 0.276761, -0.960938, -3.02037e-06, -0.159101, 0.00872034, 0.0295839)

[node name="LobbyAreas" type="Node3D" parent="."]
metadata/_edit_lock_ = true

[node name="3" type="Area3D" parent="LobbyAreas"]
transform = Transform3D(0.509402, 0, 0.860529, 0, 1, 0, -0.860529, 0, 0.509402, -4.50714, 0.703501, 5.64191)
metadata/_edit_lock_ = true

[node name="CollisionShape3D" type="CollisionShape3D" parent="LobbyAreas/3"]
shape = SubResource("CylinderShape3D_0q6rs")
metadata/_edit_lock_ = true

[node name="5" type="Area3D" parent="LobbyAreas"]
transform = Transform3D(0.999999, 0, 0, 0, 1, 0, 0, 0, 0.999999, 3.22088, 1.14909, -2.89384)
metadata/_edit_lock_ = true

[node name="CollisionShape3D" type="CollisionShape3D" parent="LobbyAreas/5"]
transform = Transform3D(1, 0, 0, 0, 1, 0, 0, 0, 1, 0.00967026, 0.0457742, 0)
shape = SubResource("BoxShape3D_ueifh")
metadata/_edit_lock_ = true

[node name="7" type="Area3D" parent="LobbyAreas"]
transform = Transform3D(0.766044, 0, -0.642788, 0, 1, 0, 0.642788, 0, 0.766044, 0.400592, 0.657775, 3.6271)
metadata/_edit_lock_ = true

[node name="CollisionShape3D" type="CollisionShape3D" parent="LobbyAreas/7"]
transform = Transform3D(1, 0, -1.49012e-07, 0, 1, 0, 1.49012e-07, 0, 1, -0.0132053, -0.0526533, -0.0776789)
shape = SubResource("BoxShape3D_s4lq0")
metadata/_edit_lock_ = true

[node name="LobbyGlows" type="Node2D" parent="."]

[node name="background" type="Sprite2D" parent="LobbyGlows"]
position = Vector2(960, 540)
texture = ExtResource("13_ivopf")
metadata/_edit_lock_ = true

[node name="3" type="Node2D" parent="LobbyGlows"]

[node name="Line2D" type="Line2D" parent="LobbyGlows/3"]
points = PackedVector2Array(507, 648, 463, 670, 465, 693, 537, 710, 545, 816, 549, 878, 572, 896, 633, 894, 679, 873, 704, 844, 696, 688, 746, 663, 751, 638, 711, 620, 586, 627, 576, 547, 493, 561, 500, 663)
default_color = Color(1, 0, 0, 1)

[node name="4" type="Node2D" parent="LobbyGlows"]
visible = false

[node name="Line2D" type="Line2D" parent="LobbyGlows/4"]
points = PackedVector2Array(454, 688, 489, 706, 539, 712, 539, 792, 511, 825, 518, 850, 540, 859, 590, 864, 631, 861, 645, 958, 691, 1028, 695, 1064)
default_color = Color(1, 0, 0, 1)

[node name="Line2D2" type="Line2D" parent="LobbyGlows/4"]
points = PackedVector2Array(459, 688, 477, 668, 504, 649, 495, 557, 580, 548, 589, 627, 688, 622, 745, 641, 740, 669, 786, 655, 801, 995)
default_color = Color(1, 0, 0, 1)

[node name="Line2D3" type="Line2D" parent="LobbyGlows/4"]
points = PackedVector2Array(743, 668, 656, 698, 691, 1030)
default_color = Color(1, 0, 0, 1)

[node name="Line2D4" type="Line2D" parent="LobbyGlows/4"]
points = PackedVector2Array(679, 873, 788, 827)
default_color = Color(1, 0, 0, 1)

[node name="Line2D5" type="Line2D" parent="LobbyGlows/4"]
points = PackedVector2Array(686, 944, 794, 885)
default_color = Color(1, 0, 0, 1)

[node name="Line2D6" type="Line2D" parent="LobbyGlows/4"]
points = PackedVector2Array(693, 1030, 798, 967)
default_color = Color(1, 0, 0, 1)

[node name="Line2D7" type="Line2D" parent="LobbyGlows/4"]
points = PackedVector2Array(633, 879, 623, 816, 672, 871)
default_color = Color(1, 0, 0, 1)

[node name="Line2D8" type="Line2D" parent="LobbyGlows/4"]
points = PackedVector2Array(624, 817, 743, 771, 792, 824)
default_color = Color(1, 0, 0, 1)

[node name="Line2D9" type="Line2D" parent="LobbyGlows/4"]
points = PackedVector2Array(646, 989, 644, 956)
default_color = Color(1, 0, 0, 1)

[node name="Line2D10" type="Line2D" parent="LobbyGlows/4"]
points = PackedVector2Array(539, 713, 620, 706, 745, 668)
default_color = Color(1, 0, 0, 1)

[node name="Line2D11" type="Line2D" parent="LobbyGlows/4"]
points = PackedVector2Array(535, 861, 523, 881, 525, 905, 545, 922, 578, 930, 641, 920, 709, 889, 734, 849)
default_color = Color(1, 0, 0, 1)

[node name="Line2D12" type="Line2D" parent="LobbyGlows/4"]
points = PackedVector2Array(666, 758, 789, 715)
default_color = Color(1, 0, 0, 1)

[node name="Line2D13" type="Line2D" parent="LobbyGlows/4"]
points = PackedVector2Array(504, 648, 543, 635, 593, 627)
default_color = Color(1, 0, 0, 1)

[node name="Line2D14" type="Line2D" parent="LobbyGlows/4"]
points = PackedVector2Array(707, 787, 705, 747, 699, 684)
default_color = Color(1, 0, 0, 1)

[node name="Line2D15" type="Line2D" parent="LobbyGlows/4"]
points = PackedVector2Array(595, 927, 577, 861)
default_color = Color(1, 0, 0, 1)

[node name="8" type="Node2D" parent="LobbyGlows"]
visible = false

[node name="Line2D" type="Line2D" parent="LobbyGlows/8"]
points = PackedVector2Array(502, 642, 459, 676, 462, 695, 489, 707, 545, 710, 538, 768, 541, 799, 514, 820, 519, 851, 537, 859, 526, 881, 528, 907, 562, 931, 639, 927, 645, 986)
default_color = Color(1, 0, 0, 1)

[node name="Line2D2" type="Line2D" parent="LobbyGlows/8"]
points = PackedVector2Array(648, 965, 692, 1034, 692, 1060)
default_color = Color(1, 0, 0, 1)

[node name="Line2D3" type="Line2D" parent="LobbyGlows/8"]
points = PackedVector2Array(692, 1032, 801, 967, 803, 997)
default_color = Color(1, 0, 0, 1)

[node name="Line2D4" type="Line2D" parent="LobbyGlows/8"]
points = PackedVector2Array(800, 966, 749, 913, 736, 850, 738, 792, 725, 767, 705, 754, 701, 684, 746, 662, 749, 638, 693, 621, 601, 627, 584, 631, 576, 545, 492, 561, 500, 646)
default_color = Color(1, 0, 0, 1)

[node name="5" type="Polygon2D" parent="LobbyGlows"]

[node name="7" type="Polygon2D" parent="LobbyGlows"]

[node name="BaseMap" parent="." instance=ExtResource("1_kdtvd")]

[node name="Camera3D" type="Camera3D" parent="."]
transform = Transform3D(0.913546, -0.0845652, 0.397848, 0, 0.978148, 0.207912, -0.406736, -0.189937, 0.893583, -1.692, 2.498, 7.86)
metadata/_edit_lock_ = true

[node name="Path3D" type="Path3D" parent="."]
visible = false
curve = ExtResource("14_veu5s")
