[gd_scene load_steps=3 format=3 uid="uid://cp1nsvxfft0ka"]

[ext_resource type="Script" path="res://scenes/screens/level_map/utility_nodes/tiles/past_path_ramp.gd" id="1_0mxti"]
[ext_resource type="PackedScene" uid="uid://c3n7fvfayf7oq" path="res://scenes/screens/level_map/utility_nodes/tiles/past_path_section.tscn" id="1_4o2ak"]

[node name="PastPathRamp" type="Node3D"]
transform = Transform3D(-0.955187, -0.285643, -0.077617, -0.285643, 0.820751, 0.494749, -0.0776174, 0.494749, -0.865563, 0, 0.9, 0)
script = ExtResource("1_0mxti")

[node name="0" parent="." instance=ExtResource("1_4o2ak")]
transform = Transform3D(0.866025, 0.5, 2.18557e-08, 0, -4.37114e-08, 1, 0.5, -0.866025, -3.78552e-08, 0.172941, 0, -0.299543)

[node name="1" parent="." instance=ExtResource("1_4o2ak")]
transform = Transform3D(-0.866025, -0.5, -2.18557e-08, 0, -4.37114e-08, 1, -0.5, 0.866025, 3.78552e-08, -0.172681, 0, 0.299092)
